seqno	ndcm	seqno	ndcm
1 	3     <
1 	512   <
2 	3     <
2 	5	2 	5
3 	160   <
3 	82	3 	82
4 	160   <
4 	41	4 	41
5 	1     <
5 	11	5 	11
6 	1     <
6 	176	6 	176
7 	3     <
7 	352	7 	352
8 	1     <
8 	205	8 	205
9 	3     <
9 	41	9 	41
10	1     <
10	11	10	11
11	1     <
11	11	11	11
12	192	12	192
12	5     <
13	192	13	192
14	192	14	192
15	192	15	192
16	192	16	192
17	192	17	192
18	192	18	192
19	192	19	192
20	192	20	192
21	10	21	10
22	10    <
23	1     <
24	165	24	165
25	33	25	33
26	165	26	165
27	33	27	33
28	66	28	66
29	33	29	33
30	2	30	2
31	2     <
32	2	32	2
33	2     <
34	680	34	680
35	680   <
36	680   <
37	680   <
38	1	38	1
39	1	39	1
40	1	40	1
41	126   |	41	122
42	84    <
43	1092  <
44	84    <
45	84    <
46	1     <
47	44	47	44
48	44	48	44
